simpraise
leopoldo.sanchez-rodriguez@inra.fr
  
FILE insim.002                     
  
NAME_OF_THIS_RUN insim                                             
  
Tmax:                                                 1
Nloci_neu:                                            8
Nloci_sel:                                            8
inbreeding/pop/gener/locus
  0.75000000000000000        0.0000000000000000     
   1.0000000000000000        0.0000000000000000     
  0.25000000000000000        0.0000000000000000     
  0.25000000000000000        0.0000000000000000     
  0.25000000000000000        0.0000000000000000     
  0.50000000000000000        0.0000000000000000     
   0.0000000000000000        0.0000000000000000     
  0.50000000000000000        0.0000000000000000     
allele_freqs/gener/locus
   0.0000000000000000        0.0000000000000000     
   0.0000000000000000        0.0000000000000000     
   0.0000000000000000        0.0000000000000000     
   0.0000000000000000        0.0000000000000000     
   0.0000000000000000        0.0000000000000000     
   0.0000000000000000        0.0000000000000000     
   0.0000000000000000        0.0000000000000000     
   0.0000000000000000        0.0000000000000000     
   0.0000000000000000        0.0000000000000000     
  0.50000000000000000        0.0000000000000000     
   1.0000000000000000        0.0000000000000000     
  0.87500000000000000        0.0000000000000000     
   1.0000000000000000        0.0000000000000000     
  0.37500000000000000        0.0000000000000000     
   0.0000000000000000        0.0000000000000000     
  0.25000000000000000        0.0000000000000000     
cross-overs
           1   0.0000000000000000     
           2   0.0000000000000000     
           3   0.0000000000000000     
           4   90.000000000000000     
           5   0.0000000000000000     
           6   0.0000000000000000     
           7   0.0000000000000000     
           8   90.000000000000000     
           1   0.0000000000000000     
           2   0.0000000000000000     
           3   0.0000000000000000     
           4   0.0000000000000000     
           5   0.0000000000000000     
           6   0.0000000000000000     
           7   0.0000000000000000     
           8   0.0000000000000000     
           1   0.0000000000000000     
           2   0.0000000000000000     
           3   0.0000000000000000     
           4   0.0000000000000000     
           5   0.0000000000000000     
           6   0.0000000000000000     
           7   0.0000000000000000     
           8   0.0000000000000000     
           1   0.0000000000000000     
           2   0.0000000000000000     
           3   0.0000000000000000     
           4   0.0000000000000000     
           5   0.0000000000000000     
           6   0.0000000000000000     
           7   0.0000000000000000     
           8   0.0000000000000000     
           1   0.0000000000000000     
           2   0.0000000000000000     
           3   0.0000000000000000     
           4   0.0000000000000000     
           5   0.0000000000000000     
           6   0.0000000000000000     
           7   0.0000000000000000     
           8   0.0000000000000000     
cross-overs/chromosome
           1   0.0000000000000000     
           2   0.0000000000000000     
